1. [16, 10]
2. [1, 23]
3. [10, 24]
4. [10, 3]
5. [25, 14]
6. [9, 18]
7. [21, 14]
8. [26, 2]
9. [21, 3]
10. [6, 14]
11. [6, 30]
12. [13, 31]
13. [30, 14]
14. [14, 31]
15. [25, 28]
16. [6, 27]
17. [30, 3]
18. [16, 19]
19. [13, 13]
20. [19, 11]
21. [18, 26]
22. [16, 30]
23. [29, 13]
24. [14, 15]
25. [3, 10]
26. [10, 14]
27. [10, 25]
28. [9, 6]
29. [12, 10]
30. [14, 16]
31. [30, 2]
32. [6, 10]
33. [23, 22]
34. [16, 8]
35. [6, 17]
36. [16, 9]
37. [24, 29]
38. [16, 30]
39. [17, 7]
40. [17, 12]
41. [14, 14]
42. [29, 30]
43. [24, 4]
44. [20, 26]
45. [14, 14]
46. [3, 10]
47. [28, 13]
48. [30, 24]
49. [30, 16]
50. [10, 13]
51. [4, 12]
52. [10, 16]
53. [6, 7]
54. [30, 23]
55. [24, 6]
56. [31, 27]
57. [17, 4]
58. [13, 2]
59. [14, 17]
60. [30, 13]
61. [10, 7]
62. [6, 16]
63. [16, 10]
64. [18, 14]
65. [8, 25]
66. [10, 17]
67. [28, 17]
68. [13, 13]
69. [21, 4]
70. [6, 23]
71. [16, 10]
72. [6, 16]
73. [2, 1]
74. [6, 17]
75. [14, 5]
76. [6, 14]
77. [10, 23]
78. [6, 11]
79. [13, 30]
80. [13, 14]
81. [4, 30]
82. [25, 20]
83. [5, 2]
84. [17, 18]
85. [16, 14]
86. [28, 30]
87. [18, 17]
88. [15, 23]
89. [21, 20]
90. [19, 18]
91. [14, 16]
92. [20, 13]
93. [31, 2]
94. [14, 3]
95. [14, 30]
96. [7, 28]
97. [30, 28]
98. [6, 25]
99. [16, 16]
100. [14, 16]
101. [10, 13]
102. [25, 26]
103. [30, 13]
104. [10, 16]
105. [6, 26]
106. [14, 15]
107. [14, 13]
108. [13, 31]
109. [14, 18]
110. [16, 30]
111. [15, 7]
112. [9, 13]
113. [13, 8]
114. [27, 6]
115. [13, 30]
116. [11, 24]
117. [27, 8]
118. [19, 30]
119. [3, 30]
120. [22, 10]
121. [17, 5]
122. [6, 25]
123. [14, 23]
124. [27, 8]
125. [4, 18]
126. [24, 2]
127. [14, 10]
128. [7, 12]
129. [7, 6]
130. [14, 10]
131. [30, 16]
132. [13, 6]
133. [30, 5]
134. [6, 31]
135. [24, 5]
136. [8, 30]
137. [20, 22]
138. [27, 23]
139. [7, 6]
140. [14, 13]
141. [1, 4]
142. [13, 14]
143. [7, 14]
144. [14, 30]
145. [30, 9]
146. [16, 6]
147. [6, 24]
148. [20, 24]
149. [13, 30]
150. [6, 3]
151. [24, 21]
152. [15, 23]
153. [30, 30]
154. [25, 14]
155. [20, 13]
156. [18, 14]
157. [11, 8]
158. [28, 1]
159. [5, 8]
160. [2, 16]
161. [10, 20]
162. [19, 6]
163. [6, 16]
164. [3, 1]
165. [25, 9]
166. [4, 4]
167. [14, 16]
168. [30, 6]
169. [16, 30]
170. [26, 10]
171. [19, 16]
172. [17, 10]
173. [22, 10]
174. [8, 2]
175. [10, 30]
176. [26, 13]
177. [15, 16]
178. [28, 6]
179. [1, 6]
180. [6, 13]
181. [6, 9]
182. [2, 25]
183. [16, 29]
184. [3, 9]
185. [6, 14]
186. [11, 28]
187. [20, 24]
188. [1, 5]
189. [15, 13]
190. [7, 13]
191. [13, 15]
192. [30, 5]
193. [16, 14]
194. [5, 28]
195. [24, 16]
196. [14, 3]
197. [6, 17]
198. [15, 29]
199. [23, 6]
200. [2, 14]
201. [4, 13]
202. [7, 9]
203. [7, 31]
204. [10, 23]
205. [13, 24]
206. [12, 13]
207. [14, 16]
208. [6, 1]
209. [29, 13]
210. [11, 13]
211. [30, 29]
212. [16, 14]
213. [14, 30]
214. [6, 21]
215. [19, 6]
216. [30, 4]
217. [10, 18]
218. [15, 21]
219. [10, 13]
220. [3, 8]
221. [30, 13]
222. [25, 14]
223. [29, 10]
224. [13, 20]
225. [30, 31]
226. [15, 16]
227. [18, 10]
228. [26, 10]
229. [24, 7]
230. [16, 20]
231. [30, 19]
232. [28, 19]
233. [10, 20]
234. [29, 18]
235. [30, 6]
236. [14, 28]
237. [15, 11]
238. [10, 9]
239. [10, 6]
240. [11, 13]
241. [31, 10]
242. [30, 14]
243. [28, 14]
244. [19, 1]
245. [31, 12]
246. [30, 20]
247. [27, 16]
248. [6, 15]
249. [13, 6]
250. [14, 21]
251. [10, 30]
252. [6, 16]
253. [22, 17]
254. [15, 19]
255. [10, 9]
256. [6, 21]
257. [11, 18]
258. [16, 22]
259. [30, 14]
260. [5, 10]
261. [16, 5]
262. [24, 5]
263. [30, 6]
264. [2, 18]
265. [3, 13]
266. [26, 14]
267. [12, 8]
268. [6, 27]
269. [19, 6]
270. [10, 10]
271. [25, 22]
272. [10, 31]
273. [5, 24]
274. [6, 13]
275. [5, 30]
276. [21, 10]
277. [26, 5]
278. [31, 10]
279. [30, 6]
280. [30, 18]
281. [4, 18]
282. [4, 24]
283. [23, 11]
284. [12, 30]
285. [10, 31]
286. [24, 5]
287. [17, 10]
288. [31, 16]
289. [14, 14]
290. [16, 21]
291. [16, 31]
292. [16, 14]
293. [13, 19]
294. [21, 30]
295. [25, 24]
296. [25, 20]
297. [29, 14]
298. [13, 24]
299. [16, 14]
300. [10, 5]
301. [14, 1]
302. [6, 17]
303. [3, 6]
304. [25, 14]
305. [6, 16]
306. [14, 10]
307. [4, 9]
308. [17, 22]
309. [5, 9]
310. [16, 25]
311. [14, 23]
312. [9, 30]
313. [5, 8]
314. [7, 11]
315. [14, 6]
316. [22, 27]
317. [30, 10]
318. [14, 13]
319. [25, 19]
320. [13, 6]
321. [10, 6]
322. [23, 21]
323. [6, 10]
324. [10, 8]
325. [22, 29]
326. [27, 30]
327. [17, 28]
328. [25, 6]
329. [18, 6]
330. [14, 14]
331. [31, 21]
332. [3, 19]
333. [29, 29]
334. [15, 15]
335. [17, 6]
336. [18, 6]
337. [13, 13]
338. [28, 14]
339. [25, 5]
340. [13, 21]
341. [16, 30]
342. [4, 13]
343. [1, 10]
344. [10, 16]
345. [26, 6]
346. [8, 1]
347. [14, 30]
348. [11, 19]
349. [29, 6]
350. [6, 13]
351. [20, 2]
352. [29, 10]
353. [13, 11]
354. [6, 6]
355. [18, 16]
356. [30, 27]
357. [16, 16]
358. [16, 18]
359. [10, 6]
360. [17, 22]
361. [6, 26]
362. [3, 1]
363. [16, 14]
364. [16, 9]
365. [29, 12]
366. [25, 10]
367. [28, 14]
368. [8, 13]
369. [11, 3]
370. [6, 22]
371. [16, 26]
372. [16, 30]
373. [24, 10]
374. [4, 25]
375. [16, 16]
376. [13, 26]
377. [14, 8]
378. [4, 16]
379. [1, 26]
380. [26, 6]
381. [30, 19]
382. [18, 16]
383. [26, 27]
384. [25, 14]
385. [27, 21]
386. [13, 10]
387. [28, 21]
388. [13, 28]
389. [21, 8]
390. [6, 22]
391. [6, 19]
392. [15, 25]
393. [12, 6]
394. [12, 30]
395. [16, 8]
396. [12, 30]
397. [24, 3]
398. [13, 13]
399. [10, 14]
400. [23, 14]
401. [11, 14]
402. [6, 2]
403. [23, 26]
404. [27, 8]
405. [6, 1]
406. [16, 13]
407. [30, 30]
408. [13, 30]
409. [13, 17]
410. [13, 25]
411. [10, 13]
412. [1, 14]
413. [16, 15]
414. [15, 6]
415. [30, 6]
416. [30, 5]
417. [25, 5]
418. [14, 10]
419. [13, 10]
420. [13, 11]
421. [11, 26]
422. [16, 6]
423. [16, 6]
424. [13, 26]
425. [25, 10]
426. [29, 13]
427. [13, 24]
428. [2, 31]
429. [1, 10]
430. [20, 30]
431. [10, 30]
432. [14, 29]
433. [18, 13]
434. [1, 6]
435. [9, 10]
436. [30, 13]
437. [3, 29]
438. [30, 10]
439. [14, 14]
440. [10, 1]
441. [13, 5]
442. [21, 30]
443. [1, 6]
444. [6, 8]
445. [17, 16]
446. [16, 6]
447. [8, 1]
448. [10, 16]
449. [2, 12]
450. [20, 30]
451. [23, 13]
452. [8, 10]
453. [26, 6]
454. [6, 8]
455. [10, 18]
456. [9, 11]
457. [30, 30]
458. [28, 30]
459. [28, 4]
460. [20, 13]
461. [8, 6]
462. [30, 15]
463. [6, 25]
464. [16, 27]
465. [16, 3]
466. [30, 30]
467. [13, 30]
468. [3, 2]
469. [30, 11]
470. [14, 30]
471. [14, 30]
472. [26, 25]
473. [29, 30]
474. [9, 3]
475. [12, 30]
476. [6, 29]
477. [10, 9]
478. [14, 9]
479. [10, 13]
480. [10, 15]
481. [2, 1]
482. [6, 26]
483. [13, 13]
484. [21, 13]
485. [30, 2]
486. [12, 23]
487. [14, 13]
488. [13, 30]
489. [9, 1]
490. [9, 29]
491. [2, 10]
492. [6, 10]
493. [6, 22]
494. [30, 30]
495. [30, 6]
496. [7, 17]
497. [13, 21]
498. [24, 17]
499. [14, 16]
500. [28, 13]
501. [28, 25]
502. [23, 14]
503. [18, 6]
504. [16, 10]
505. [3, 15]
506. [6, 1]
507. [10, 3]
508. [25, 26]
509. [14, 11]
510. [20, 12]
511. [25, 3]
512. [7, 6]
513. [7, 6]
514. [26, 18]
515. [25, 31]
516. [15, 20]
517. [24, 13]
518. [6, 15]
519. [20, 16]
520. [16, 27]
521. [19, 24]
522. [7, 10]
523. [21, 22]
524. [19, 24]
525. [4, 31]
526. [6, 13]
527. [1, 13]
528. [23, 16]
529. [27, 5]
530. [14, 6]
531. [6, 28]
532. [17, 8]
533. [30, 8]
534. [16, 8]
535. [14, 13]
536. [12, 25]
537. [1, 4]
538. [27, 13]
539. [18, 10]
540. [2, 18]
541. [31, 16]
542. [17, 4]
543. [28, 15]
544. [24, 7]
545. [18, 6]
546. [30, 24]
547. [12, 19]
548. [10, 5]
549. [12, 10]
550. [16, 7]
551. [23, 17]
552. [13, 21]
553. [10, 10]
554. [14, 3]
555. [26, 10]
556. [13, 10]
557. [21, 13]
558. [22, 16]
559. [30, 12]
560. [13, 26]
561. [7, 14]
562. [31, 16]
563. [30, 21]
564. [10, 11]
565. [18, 16]
566. [14, 1]
567. [6, 13]
568. [30, 28]
569. [29, 5]
570. [9, 6]
571. [31, 6]
572. [2, 15]
573. [9, 10]
574. [13, 10]
575. [28, 16]
576. [13, 14]
577. [24, 8]
578. [16, 12]
579. [13, 13]
580. [28, 13]
581. [27, 6]
582. [14, 30]
583. [4, 2]
584. [18, 28]
585. [4, 11]
586. [30, 10]
587. [13, 10]
588. [23, 23]
589. [16, 21]
590. [11, 27]
591. [11, 6]
592. [14, 10]
593. [13, 30]
594. [22, 13]
595. [10, 10]
596. [16, 10]
597. [31, 9]
598. [20, 1]
599. [10, 14]
600. [7, 18]
601. [10, 16]
602. [13, 10]
603. [27, 6]
604. [13, 6]
605. [16, 8]
606. [4, 16]
607. [12, 26]
608. [6, 10]
609. [14, 5]
610. [13, 13]
611. [12, 6]
612. [9, 9]
613. [13, 26]
614. [6, 31]
615. [13, 1]
616. [24, 10]
617. [11, 23]
618. [11, 10]
619. [23, 22]
620. [30, 28]
621. [18, 28]
622. [17, 14]
623. [30, 10]
624. [25, 16]
625. [6, 15]
626. [21, 11]
627. [6, 7]
628. [26, 13]
629. [26, 25]
630. [13, 22]
631. [10, 10]
632. [13, 6]
633. [30, 14]
634. [21, 28]
635. [27, 16]
636. [10, 18]
637. [11, 30]
638. [14, 10]
639. [13, 10]
640. [1, 10]
641. [30, 13]
642. [15, 16]
643. [25, 24]
644. [13, 10]
645. [26, 30]
646. [10, 28]
647. [10, 14]
648. [13, 8]
649. [6, 6]
650. [18, 7]
651. [30, 14]
652. [8, 10]
653. [14, 13]
654. [14, 21]
655. [29, 28]
656. [6, 10]
657. [13, 14]
658. [6, 6]
659. [18, 19]
660. [16, 16]
661. [8, 7]
662. [21, 16]
663. [25, 27]
664. [7, 6]
665. [5, 16]
666. [6, 25]
667. [14, 20]
668. [6, 29]
669. [23, 24]
670. [7, 28]
671. [13, 30]
672. [10, 12]
673. [22, 1]
674. [11, 1]
675. [19, 9]
676. [17, 16]
677. [6, 26]
678. [15, 13]
679. [5, 5]
680. [25, 10]
681. [23, 30]
682. [12, 26]
683. [10, 13]
684. [10, 12]
685. [26, 5]
686. [23, 6]
687. [13, 30]
688. [30, 14]
689. [31, 20]
690. [10, 14]
691. [6, 16]
692. [26, 7]
693. [28, 6]
694. [23, 16]
695. [13, 16]
696. [23, 13]
697. [26, 30]
698. [10, 14]
699. [13, 3]
700. [16, 13]
701. [14, 10]
702. [16, 16]
703. [16, 8]
704. [6, 7]
705. [16, 31]
706. [14, 6]
707. [29, 30]
708. [6, 7]
709. [16, 6]
710. [14, 16]
711. [15, 13]
712. [25, 16]
713. [10, 13]
714. [15, 11]
715. [6, 1]
716. [6, 8]
717. [15, 16]
718. [17, 2]
719. [16, 12]
720. [6, 18]
721. [4, 6]
722. [12, 16]
723. [6, 14]
724. [13, 8]
725. [26, 17]
726. [31, 11]
727. [14, 16]
728. [12, 15]
729. [6, 20]
730. [22, 9]
731. [21, 30]
732. [26, 22]
733. [28, 30]
734. [16, 13]
735. [6, 14]
736. [24, 16]
737. [16, 2]
738. [10, 30]
739. [6, 13]
740. [30, 4]
741. [30, 5]
742. [5, 12]
743. [15, 30]
744. [5, 26]
745. [16, 13]
746. [23, 3]
747. [12, 11]
748. [13, 15]
749. [10, 14]
750. [4, 13]
751. [8, 14]
752. [19, 7]
753. [6, 5]
754. [14, 13]
755. [30, 9]
756. [13, 5]
757. [16, 10]
758. [15, 31]
759. [14, 17]
760. [9, 20]
761. [13, 30]
762. [22, 8]
763. [13, 4]
764. [16, 16]
765. [16, 20]
766. [13, 29]
767. [18, 22]
768. [12, 9]
769. [14, 10]
770. [30, 1]
771. [1, 20]
772. [6, 23]
773. [3, 19]
774. [14, 7]
775. [5, 23]
776. [10, 6]
777. [28, 10]
778. [13, 15]
779. [14, 19]
780. [7, 29]
781. [10, 12]
782. [2, 20]
783. [29, 14]
784. [8, 19]
785. [15, 14]
786. [1, 11]
787. [16, 19]
788. [6, 22]
789. [23, 27]
790. [26, 27]
791. [14, 16]
792. [16, 27]
793. [26, 7]
794. [17, 3]
795. [14, 6]
796. [13, 30]
797. [13, 3]
798. [5, 14]
799. [6, 14]
800. [21, 30]
801. [10, 3]
802. [18, 23]
803. [30, 22]
804. [6, 6]
805. [19, 17]
806. [22, 30]
807. [13, 13]
808. [9, 15]
809. [10, 16]
810. [30, 27]
811. [10, 14]
812. [5, 9]
813. [15, 10]
814. [6, 6]
815. [13, 29]
816. [16, 5]
817. [11, 30]
818. [4, 18]
819. [5, 13]
820. [30, 30]
821. [31, 19]
822. [6, 13]
823. [14, 14]
824. [21, 7]
825. [13, 30]
826. [16, 29]
827. [8, 31]
828. [10, 16]
829. [31, 31]
830. [6, 11]
831. [24, 3]
832. [31, 10]
833. [10, 26]
834. [21, 11]
835. [16, 30]
836. [8, 6]
837. [7, 2]
838. [19, 5]
839. [10, 31]
840. [4, 18]
841. [14, 20]
842. [6, 13]
843. [6, 30]
844. [30, 11]
845. [10, 28]
846. [14, 13]
847. [30, 21]
848. [18, 6]
849. [13, 14]
850. [1, 15]
851. [11, 18]
852. [30, 9]
853. [21, 29]
854. [17, 30]
855. [10, 16]
856. [15, 16]
857. [31, 29]
858. [24, 14]
859. [30, 30]
860. [18, 10]
861. [4, 5]
862. [22, 20]
863. [14, 13]
864. [13, 14]
865. [5, 16]
866. [6, 9]
867. [14, 29]
868. [30, 14]
869. [11, 25]
870. [20, 22]
871. [30, 10]
872. [6, 22]
873. [9, 10]
874. [16, 14]
875. [7, 20]
876. [13, 6]
877. [30, 24]
878. [10, 6]
879. [16, 1]
880. [16, 13]
881. [23, 30]
882. [11, 8]
883. [6, 16]
884. [19, 16]
885. [4, 28]
886. [18, 16]
887. [15, 6]
888. [23, 3]
889. [29, 1]
890. [9, 25]
891. [6, 6]
892. [17, 13]
893. [25, 13]
894. [3, 12]
895. [30, 3]
896. [19, 30]
897. [28, 25]
898. [13, 21]
899. [12, 30]
900. [2, 8]
901. [17, 13]
902. [13, 30]
903. [7, 18]
904. [31, 13]
905. [1, 9]
906. [7, 7]
907. [13, 29]
908. [30, 6]
909. [10, 30]
910. [25, 16]
911. [6, 6]
912. [15, 10]
913. [21, 13]
914. [7, 16]
915. [13, 1]
916. [16, 16]
917. [20, 28]
918. [25, 30]
919. [16, 25]
920. [13, 18]
921. [2, 25]
922. [8, 1]
923. [30, 30]
924. [22, 22]
925. [1, 21]
926. [25, 15]
927. [20, 16]
928. [6, 20]
929. [21, 3]
930. [21, 23]
931. [10, 3]
932. [9, 16]
933. [6, 6]
934. [31, 23]
935. [4, 6]
936. [30, 30]
937. [2, 4]
938. [27, 28]
939. [16, 15]
940. [6, 31]
941. [10, 19]
942. [3, 30]
943. [6, 16]
944. [5, 13]
945. [14, 14]
946. [30, 7]
947. [10, 6]
948. [15, 5]
949. [7, 14]
950. [12, 9]
951. [9, 14]
952. [10, 26]
953. [6, 14]
954. [30, 24]
955. [17, 10]
956. [30, 13]
957. [16, 20]
958. [14, 27]
959. [2, 27]
960. [10, 10]
961. [30, 28]
962. [4, 6]
963. [28, 30]
964. [12, 14]
965. [1, 13]
966. [10, 28]
967. [13, 13]
968. [13, 10]
969. [12, 16]
970. [7, 14]
971. [4, 17]
972. [14, 13]
973. [13, 26]
974. [13, 6]
975. [23, 30]
976. [13, 30]
977. [24, 24]
978. [7, 2]
979. [18, 6]
980. [10, 20]
981. [10, 29]
982. [15, 6]
983. [10, 1]
984. [24, 3]
985. [30, 14]
986. [1, 16]
987. [21, 10]
988. [18, 27]
989. [13, 14]
990. [10, 12]
991. [16, 13]
992. [17, 16]
993. [13, 21]
994. [22, 10]
995. [13, 30]
996. [10, 1]
997. [10, 22]
998. [14, 13]
999. [24, 16]
1000. [27, 10]
1. [8, 19]
2. [26, 6]
3. [10, 12]
4. [14, 6]
5. [22, 31]
6. [30, 10]
7. [6, 28]
8. [30, 10]
9. [22, 1]
10. [6, 14]
11. [17, 22]
12. [13, 6]
13. [13, 20]
14. [3, 16]
15. [3, 14]
16. [2, 18]
17. [24, 6]
18. [11, 16]
19. [2, 1]
20. [17, 14]
21. [6, 23]
22. [14, 7]
23. [6, 10]
24. [4, 31]
25. [1, 6]
26. [6, 1]
27. [10, 30]
28. [21, 4]
29. [14, 11]
30. [14, 21]
31. [19, 25]
32. [15, 15]
33. [10, 10]
34. [5, 6]
35. [11, 16]
36. [27, 25]
37. [25, 4]
38. [10, 13]
39. [30, 27]
40. [14, 16]
41. [18, 18]
42. [28, 16]
43. [10, 14]
44. [3, 14]
45. [22, 30]
46. [13, 13]
47. [13, 29]
48. [11, 11]
49. [1, 10]
50. [30, 24]
51. [6, 16]
52. [26, 1]
53. [13, 10]
54. [20, 30]
55. [29, 27]
56. [12, 10]
57. [20, 15]
58. [6, 9]
59. [21, 18]
60. [27, 19]
61. [10, 30]
62. [13, 10]
63. [10, 27]
64. [14, 14]
65. [16, 5]
66. [12, 30]
67. [25, 22]
68. [24, 30]
69. [9, 30]
70. [14, 9]
71. [17, 19]
72. [13, 19]
73. [26, 3]
74. [30, 24]
75. [16, 4]
76. [6, 14]
77. [10, 6]
78. [20, 13]
79. [2, 30]
80. [14, 3]
81. [16, 17]
82. [28, 16]
83. [30, 16]
84. [31, 8]
85. [1, 30]
86. [30, 14]
87. [30, 21]
88. [1, 10]
89. [25, 28]
90. [15, 2]
91. [31, 2]
92. [16, 6]
93. [20, 16]
94. [30, 5]
95. [2, 27]
96. [10, 10]
97. [16, 14]
98. [13, 13]
99. [25, 6]
100. [13, 31]
101. [13, 30]
102. [3, 16]
103. [23, 1]
104. [13, 12]
105. [1, 6]
106. [1, 12]
107. [22, 17]
108. [16, 8]
109. [6, 4]
110. [16, 17]
111. [13, 28]
112. [6, 14]
113. [22, 3]
114. [24, 5]
115. [22, 18]
116. [25, 23]
117. [6, 21]
118. [17, 16]
119. [6, 16]
120. [13, 28]
121. [14, 13]
122. [6, 21]
123. [30, 11]
124. [30, 9]
125. [8, 25]
126. [3, 10]
127. [27, 13]
128. [8, 13]
129. [14, 16]
130. [8, 28]
131. [2, 13]
132. [19, 17]
133. [19, 18]
134. [10, 6]
135. [18, 13]
136. [10, 14]
137. [30, 6]
138. [2, 18]
139. [27, 19]
140. [18, 14]
141. [14, 20]
142. [26, 16]
143. [4, 27]
144. [21, 13]
145. [10, 17]
146. [23, 13]
147. [18, 13]
148. [16, 23]
149. [13, 20]
150. [12, 10]
151. [14, 30]
152. [30, 12]
153. [25, 19]
154. [11, 16]
155. [24, 29]
156. [10, 12]
157. [11, 23]
158. [25, 7]
159. [30, 10]
160. [8, 30]
161. [13, 26]
162. [22, 27]
163. [24, 14]
164. [17, 8]
165. [18, 31]
166. [26, 14]
167. [14, 9]
168. [14, 6]
169. [7, 6]
170. [4, 4]
171. [19, 6]
172. [30, 31]
173. [7, 18]
174. [13, 11]
175. [21, 6]
176. [16, 16]
177. [30, 7]
178. [31, 13]
179. [27, 28]
180. [7, 4]
181. [28, 16]
182. [30, 16]
183. [5, 14]
184. [6, 14]
185. [21, 16]
186. [13, 22]
187. [18, 30]
188. [16, 20]
189. [25, 23]
190. [11, 15]
191. [13, 1]
192. [6, 25]
193. [16, 1]
194. [14, 13]
195. [10, 14]
196. [5, 16]
197. [10, 14]
198. [22, 15]
199. [31, 19]
200. [27, 15]
201. [13, 16]
202. [7, 3]
203. [14, 27]
204. [23, 26]
205. [6, 16]
206. [25, 21]
207. [10, 26]
208. [9, 15]
209. [26, 30]
210. [1, 3]
211. [17, 14]
212. [14, 27]
213. [6, 6]
214. [16, 13]
215. [3, 17]
216. [3, 21]
217. [6, 24]
218. [14, 1]
219. [21, 13]
220. [30, 13]
221. [16, 19]
222. [31, 19]
223. [23, 6]
224. [17, 3]
225. [30, 23]
226. [25, 24]
227. [13, 5]
228. [16, 16]
229. [19, 22]
230. [17, 14]
231. [25, 31]
232. [13, 30]
233. [24, 13]
234. [21, 5]
235. [16, 30]
236. [9, 10]
237. [28, 2]
238. [11, 13]
239. [4, 26]
240. [22, 16]
241. [11, 4]
242. [10, 16]
243. [6, 27]
244. [30, 3]
245. [14, 29]
246. [30, 8]
247. [14, 29]
248. [15, 16]
249. [2, 22]
250. [6, 17]
251. [30, 23]
252. [17, 27]
253. [10, 30]
254. [14, 2]
255. [5, 15]
256. [3, 27]
257. [21, 11]
258. [30, 25]
259. [11, 14]
260. [8, 13]
261. [20, 6]
262. [6, 28]
263. [10, 16]
264. [26, 23]
265. [15, 10]
266. [4, 30]
267. [12, 28]
268. [23, 30]
269. [9, 6]
270. [7, 6]
271. [8, 13]
272. [6, 3]
273. [17, 31]
274. [16, 30]
275. [6, 28]
276. [30, 23]
277. [17, 29]
278. [30, 13]
279. [1, 10]
280. [30, 13]
281. [30, 9]
282. [30, 31]
283. [9, 16]
284. [26, 18]
285. [14, 13]
286. [30, 1]
287. [6, 13]
288. [8, 13]
289. [13, 4]
290. [6, 19]
291. [30, 20]
292. [30, 8]
293. [27, 13]
294. [21, 14]
295. [13, 1]
296. [20, 16]
297. [10, 13]
298. [30, 30]
299. [9, 30]
300. [30, 17]
301. [6, 31]
302. [10, 1]
303. [18, 3]
304. [2, 26]
305. [30, 31]
306. [7, 30]
307. [30, 18]
308. [6, 30]
309. [4, 4]
310. [17, 28]
311. [6, 30]
312. [6, 30]
313. [3, 23]
314. [6, 13]
315. [19, 30]
316. [10, 23]
317. [19, 6]
318. [23, 6]
319. [6, 11]
320. [13, 3]
321. [18, 18]
322. [13, 8]
323. [29, 9]
324. [14, 30]
325. [18, 31]
326. [8, 14]
327. [18, 14]
328. [30, 19]
329. [16, 27]
330. [28, 13]
331. [13, 17]
332. [10, 3]
333. [20, 22]
334. [15, 25]
335. [30, 10]
336. [19, 16]
337. [6, 10]
338. [30, 12]
339. [27, 16]
340. [30, 2]
341. [31, 14]
342. [21, 3]
343. [13, 9]
344. [13, 13]
345. [30, 10]
346. [13, 30]
347. [15, 15]
348. [12, 22]
349. [14, 6]
350. [31, 16]
351. [21, 23]
352. [24, 19]
353. [24, 20]
354. [24, 1]
355. [14, 14]
356. [15, 14]
357. [14, 10]
358. [6, 10]
359. [28, 14]
360. [4, 24]
361. [23, 6]
362. [13, 6]
363. [15, 7]
364. [31, 6]
365. [11, 6]
366. [25, 10]
367. [4, 21]
368. [13, 28]
369. [27, 4]
370. [1, 26]
371. [6, 26]
372. [13, 30]
373. [14, 11]
374. [29, 1]
375. [6, 10]
376. [25, 29]
377. [10, 16]
378. [2, 8]
379. [16, 29]
380. [13, 10]
381. [7, 27]
382. [15, 6]
383. [21, 15]
384. [15, 12]
385. [12, 30]
386. [13, 30]
387. [3, 10]
388. [2, 4]
389. [10, 16]
390. [24, 10]
391. [12, 29]
392. [16, 6]
393. [25, 19]
394. [25, 2]
395. [6, 22]
396. [15, 13]
397. [18, 8]
398. [10, 4]
399. [10, 14]
400. [12, 30]
401. [31, 30]
402. [24, 6]
403. [26, 16]
404. [12, 30]
405. [27, 31]
406. [14, 15]
407. [19, 6]
408. [16, 30]
409. [30, 26]
410. [5, 17]
411. [16, 13]
412. [13, 10]
413. [31, 6]
414. [25, 11]
415. [8, 13]
416. [16, 13]
417. [26, 16]
418. [14, 21]
419. [1, 24]
420. [17, 10]
421. [18, 18]
422. [30, 31]
423. [20, 16]
424. [24, 11]
425. [14, 27]
426. [4, 7]
427. [30, 13]
428. [13, 14]
429. [16, 1]
430. [27, 25]
431. [10, 18]
432. [6, 30]
433. [10, 13]
434. [6, 2]
435. [3, 19]
436. [18, 22]
437. [30, 8]
438. [12, 7]
439. [5, 15]
440. [25, 19]
441. [4, 10]
442. [6, 21]
443. [11, 21]
444. [16, 10]
445. [10, 10]
446. [13, 16]
447. [14, 9]
448. [13, 4]
449. [14, 10]
450. [28, 13]
451. [15, 2]
452. [6, 6]
453. [24, 9]
454. [1, 1]
455. [13, 16]
456. [20, 2]
457. [12, 25]
458. [30, 6]
459. [6, 30]
460. [16, 16]
461. [10, 12]
462. [6, 16]
463. [24, 22]
464. [10, 17]
465. [6, 10]
466. [14, 4]
467. [6, 13]
468. [15, 28]
469. [6, 3]
470. [27, 30]
471. [4, 30]
472. [14, 10]
473. [20, 13]
474. [21, 30]
475. [30, 30]
476. [19, 23]
477. [15, 12]
478. [10, 20]
479. [6, 15]
480. [6, 6]
481. [22, 10]
482. [18, 14]
483. [9, 7]
484. [16, 6]
485. [13, 19]
486. [6, 10]
487. [28, 16]
488. [16, 25]
489. [11, 8]
490. [3, 10]
491. [1, 9]
492. [16, 21]
493. [2, 16]
494. [14, 30]
495. [10, 6]
496. [10, 25]
497. [13, 16]
498. [4, 13]
499. [3, 6]
500. [14, 21]
501. [30, 10]
502. [6, 13]
503. [15, 8]
504. [10, 13]
505. [6, 19]
506. [10, 16]
507. [1, 7]
508. [14, 23]
509. [13, 6]
510. [30, 21]
511. [3, 10]
512. [23, 2]
513. [16, 10]
514. [10, 30]
515. [18, 16]
516. [21, 28]
517. [16, 14]
518. [16, 27]
519. [30, 29]
520. [14, 10]
521. [9, 5]
522. [2, 11]
523. [10, 5]
524. [18, 31]
525. [8, 23]
526. [18, 6]
527. [27, 18]
528. [4, 5]
529. [16, 16]
530. [2, 21]
531. [13, 30]
532. [15, 6]
533. [15, 14]
534. [13, 16]
535. [16, 24]
536. [14, 22]
537. [27, 22]
538. [7, 10]
539. [13, 9]
540. [13, 20]
541. [30, 10]
542. [16, 10]
543. [12, 14]
544. [6, 30]
545. [14, 25]
546. [13, 31]
547. [10, 9]
548. [9, 11]
549. [13, 16]
550. [3, 25]
551. [12, 10]
552. [14, 13]
553. [14, 3]
554. [16, 22]
555. [25, 16]
556. [10, 5]
557. [14, 26]
558. [6, 13]
559. [21, 30]
560. [10, 6]
561. [14, 10]
562. [20, 25]
563. [10, 6]
564. [22, 6]
565. [7, 6]
566. [19, 22]
567. [11, 20]
568. [10, 6]
569. [6, 16]
570. [6, 5]
571. [6, 23]
572. [26, 28]
573. [14, 13]
574. [10, 13]
575. [23, 29]
576. [30, 10]
577. [5, 18]
578. [9, 3]
579. [13, 30]
580. [31, 6]
581. [13, 12]
582. [13, 25]
583. [30, 22]
584. [20, 29]
585. [6, 4]
586. [11, 11]
587. [22, 23]
588. [20, 10]
589. [1, 14]
590. [18, 12]
591. [13, 17]
592. [2, 28]
593. [27, 18]
594. [23, 27]
595. [16, 5]
596. [7, 21]
597. [30, 13]
598. [28, 31]
599. [28, 13]
600. [14, 16]
601. [6, 13]
602. [2, 22]
603. [22, 13]
604. [31, 18]
605. [30, 24]
606. [14, 31]
607. [16, 14]
608. [2, 22]
609. [11, 11]
610. [19, 23]
611. [28, 30]
612. [12, 13]
613. [11, 30]
614. [24, 15]
615. [19, 13]
616. [27, 1]
617. [15, 17]
618. [14, 21]
619. [2, 3]
620. [15, 10]
621. [12, 29]
622. [14, 13]
623. [19, 14]
624. [7, 27]
625. [19, 6]
626. [30, 13]
627. [14, 10]
628. [7, 15]
629. [22, 25]
630. [1, 25]
631. [21, 14]
632. [30, 6]
633. [29, 16]
634. [6, 30]
635. [9, 10]
636. [18, 3]
637. [16, 6]
638. [22, 25]
639. [6, 6]
640. [1, 14]
641. [14, 18]
642. [5, 4]
643. [10, 6]
644. [11, 6]
645. [16, 19]
646. [10, 16]
647. [30, 10]
648. [12, 17]
649. [30, 6]
650. [6, 13]
651. [16, 22]
652. [16, 5]
653. [18, 8]
654. [6, 14]
655. [16, 16]
656. [1, 4]
657. [15, 16]
658. [25, 13]
659. [30, 31]
660. [2, 14]
661. [27, 6]
662. [10, 13]
663. [28, 14]
664. [18, 24]
665. [10, 14]
666. [15, 30]
667. [13, 10]
668. [10, 10]
669. [30, 14]
670. [14, 30]
671. [26, 6]
672. [7, 5]
673. [6, 30]
674. [30, 6]
675. [14, 2]
676. [13, 16]
677. [3, 31]
678. [14, 8]
679. [30, 10]
680. [15, 22]
681. [15, 12]
682. [10, 24]
683. [10, 3]
684. [30, 4]
685. [1, 10]
686. [6, 6]
687. [19, 24]
688. [6, 22]
689. [1, 2]
690. [16, 8]
691. [21, 11]
692. [5, 17]
693. [19, 13]
694. [15, 6]
695. [21, 14]
696. [27, 30]
697. [13, 15]
698. [18, 6]
699. [13, 27]
700. [31, 16]
701. [24, 8]
702. [3, 30]
703. [27, 31]
704. [8, 8]
705. [6, 30]
706. [17, 10]
707. [24, 27]
708. [31, 12]
709. [10, 10]
710. [9, 10]
711. [10, 30]
712. [11, 11]
713. [19, 17]
714. [2, 6]
715. [14, 7]
716. [10, 31]
717. [14, 1]
718. [14, 5]
719. [12, 16]
720. [28, 13]
721. [27, 8]
722. [30, 13]
723. [10, 11]
724. [13, 11]
725. [6, 5]
726. [27, 27]
727. [6, 4]
728. [16, 16]
729. [8, 30]
730. [14, 21]
731. [16, 2]
732. [16, 16]
733. [6, 12]
734. [10, 26]
735. [28, 6]
736. [14, 10]
737. [3, 3]
738. [14, 13]
739. [24, 11]
740. [21, 28]
741. [26, 30]
742. [14, 15]
743. [10, 31]
744. [14, 4]
745. [17, 10]
746. [13, 14]
747. [30, 14]
748. [10, 16]
749. [14, 6]
750. [6, 16]
751. [30, 2]
752. [5, 14]
753. [16, 13]
754. [15, 28]
755. [3, 30]
756. [10, 13]
757. [7, 10]
758. [30, 30]
759. [6, 9]
760. [7, 22]
761. [6, 1]
762. [4, 15]
763. [14, 9]
764. [25, 10]
765. [7, 10]
766. [30, 2]
767. [4, 10]
768. [11, 13]
769. [10, 10]
770. [12, 9]
771. [30, 1]
772. [24, 10]
773. [23, 10]
774. [6, 14]
775. [16, 9]
776. [14, 6]
777. [25, 7]
778. [10, 11]
779. [16, 25]
780. [10, 30]
781. [10, 20]
782. [30, 31]
783. [18, 10]
784. [17, 31]
785. [14, 19]
786. [30, 14]
787. [9, 21]
788. [6, 25]
789. [22, 14]
790. [28, 6]
791. [14, 7]
792. [13, 13]
793. [21, 16]
794. [28, 14]
795. [3, 6]
796. [30, 10]
797. [4, 15]
798. [11, 31]
799. [28, 11]
800. [28, 10]
801. [13, 18]
802. [16, 28]
803. [24, 27]
804. [1, 14]
805. [2, 6]
806. [30, 6]
807. [20, 15]
808. [5, 16]
809. [16, 20]
810. [30, 16]
811. [30, 13]
812. [24, 19]
813. [24, 12]
814. [9, 14]
815. [10, 14]
816. [16, 14]
817. [13, 31]
818. [24, 24]
819. [16, 27]
820. [22, 22]
821. [16, 2]
822. [22, 6]
823. [17, 14]
824. [8, 6]
825. [2, 25]
826. [6, 16]
827. [16, 2]
828. [13, 6]
829. [6, 30]
830. [14, 1]
831. [13, 26]
832. [13, 25]
833. [18, 19]
834. [22, 6]
835. [16, 8]
836. [9, 13]
837. [10, 20]
838. [26, 23]
839. [8, 16]
840. [6, 13]
841. [2, 14]
842. [6, 28]
843. [30, 16]
844. [26, 30]
845. [24, 30]
846. [13, 30]
847. [17, 16]
848. [27, 14]
849. [6, 13]
850. [5, 9]
851. [21, 16]
852. [6, 13]
853. [6, 30]
854. [8, 31]
855. [26, 30]
856. [6, 24]
857. [6, 16]
858. [12, 31]
859. [24, 7]
860. [3, 13]
861. [3, 16]
862. [10, 18]
863. [26, 20]
864. [6, 21]
865. [10, 30]
866. [6, 6]
867. [14, 4]
868. [1, 16]
869. [27, 10]
870. [30, 23]
871. [20, 10]
872. [31, 10]
873. [14, 6]
874. [16, 2]
875. [10, 13]
876. [11, 12]
877. [25, 8]
878. [29, 29]
879. [11, 17]
880. [12, 13]
881. [24, 13]
882. [18, 5]
883. [11, 1]
884. [10, 2]
885. [27, 6]
886. [13, 31]
887. [15, 11]
888. [1, 13]
889. [26, 14]
890. [8, 15]
891. [28, 14]
892. [7, 28]
893. [6, 13]
894. [20, 19]
895. [14, 13]
896. [13, 29]
897. [6, 22]
898. [30, 13]
899. [14, 16]
900. [28, 14]
901. [13, 25]
902. [22, 25]
903. [3, 14]
904. [17, 29]
905. [31, 30]
906. [3, 17]
907. [14, 23]
908. [10, 30]
909. [21, 14]
910. [14, 30]
911. [9, 30]
912. [12, 2]
913. [9, 14]
914. [22, 31]
915. [9, 8]
916. [3, 21]
917. [11, 2]
918. [14, 30]
919. [6, 16]
920. [8, 10]
921. [16, 23]
922. [23, 14]
923. [23, 14]
924. [28, 26]
925. [23, 29]
926. [6, 12]
927. [11, 10]
928. [11, 12]
929. [12, 28]
930. [6, 25]
931. [13, 19]
932. [25, 9]
933. [16, 6]
934. [13, 13]
935. [16, 4]
936. [18, 11]
937. [11, 19]
938. [29, 13]
939. [12, 30]
940. [30, 10]
941. [4, 10]
942. [10, 7]
943. [13, 27]
944. [27, 30]
945. [4, 16]
946. [5, 16]
947. [6, 24]
948. [6, 16]
949. [10, 28]
950. [30, 6]
951. [30, 8]
952. [3, 14]
953. [16, 6]
954. [7, 6]
955. [20, 19]
956. [10, 8]
957. [16, 10]
958. [13, 7]
959. [18, 18]
960. [10, 30]
961. [10, 20]
962. [14, 28]
963. [6, 12]
964. [14, 23]
965. [27, 2]
966. [18, 16]
967. [18, 4]
968. [13, 11]
969. [28, 2]
970. [3, 24]
971. [10, 6]
972. [17, 12]
973. [30, 13]
974. [10, 10]
975. [27, 4]
976. [12, 3]
977. [23, 19]
978. [10, 20]
979. [25, 29]
980. [16, 16]
981. [8, 19]
982. [16, 26]
983. [27, 13]
984. [16, 12]
985. [15, 15]
986. [13, 13]
987. [24, 30]
988. [4, 8]
989. [1, 2]
990. [14, 20]
991. [26, 23]
992. [15, 10]
993. [13, 14]
994. [8, 8]
995. [10, 31]
996. [15, 20]
997. [25, 30]
998. [4, 16]
999. [22, 30]
1000. [16, 19]
1. [6, 1]
2. [5, 21]
3. [30, 10]
4. [22, 8]
5. [6, 6]
6. [10, 14]
7. [25, 17]
8. [10, 17]
9. [29, 6]
10. [10, 28]
11. [5, 1]
12. [13, 16]
13. [10, 16]
14. [28, 2]
15. [30, 3]
16. [8, 27]
17. [22, 13]
18. [27, 17]
19. [8, 14]
20. [25, 22]
21. [6, 31]
22. [11, 6]
23. [14, 30]
24. [29, 16]
25. [14, 4]
26. [30, 17]
27. [17, 4]
28. [7, 26]
29. [16, 6]
30. [10, 14]
31. [13, 16]
32. [16, 30]
33. [10, 30]
34. [3, 5]
35. [5, 6]
36. [31, 14]
37. [28, 16]
38. [8, 14]
39. [20, 17]
40. [13, 13]
41. [14, 6]
42. [30, 16]
43. [2, 15]
44. [6, 13]
45. [8, 16]
46. [25, 9]
47. [17, 6]
48. [26, 30]
49. [17, 9]
50. [25, 11]
51. [6, 29]
52. [10, 25]
53. [14, 11]
54. [13, 10]
55. [17, 13]
56. [12, 25]
57. [14, 3]
58. [30, 25]
59. [14, 14]
60. [10, 28]
61. [19, 6]
62. [14, 10]
63. [13, 13]
64. [6, 6]
65. [7, 19]
66. [17, 14]
67. [2, 25]
68. [13, 31]
69. [14, 30]
70. [7, 14]
71. [14, 25]
72. [3, 10]
73. [14, 18]
74. [23, 28]
75. [9, 30]
76. [27, 29]
77. [16, 16]
78. [4, 10]
79. [13, 13]
80. [20, 31]
81. [22, 31]
82. [10, 14]
83. [13, 10]
84. [7, 26]
85. [14, 14]
86. [13, 30]
87. [22, 30]
88. [13, 1]
89. [13, 17]
90. [30, 17]
91. [14, 5]
92. [16, 16]
93. [26, 27]
94. [13, 22]
95. [20, 28]
96. [5, 26]
97. [7, 6]
98. [15, 10]
99. [27, 3]
100. [26, 4]
101. [26, 14]
102. [14, 12]
103. [12, 10]
104. [14, 4]
105. [18, 4]
106. [30, 12]
107. [30, 20]
108. [13, 10]
109. [30, 14]
110. [13, 12]
111. [21, 6]
112. [14, 31]
113. [30, 10]
114. [6, 5]
115. [8, 5]
116. [30, 30]
117. [23, 10]
118. [8, 16]
119. [28, 30]
120. [30, 7]
121. [26, 3]
122. [14, 13]
123. [15, 13]
124. [10, 3]
125. [21, 28]
126. [10, 14]
127. [6, 30]
128. [20, 26]
129. [16, 3]
130. [10, 16]
131. [14, 25]
132. [17, 20]
133. [10, 14]
134. [7, 13]
135. [21, 23]
136. [14, 30]
137. [16, 10]
138. [23, 30]
139. [13, 2]
140. [7, 13]
141. [7, 26]
142. [3, 2]
143. [31, 6]
144. [30, 15]
145. [27, 16]
146. [10, 14]
147. [14, 7]
148. [16, 13]
149. [16, 13]
150. [16, 20]
151. [5, 7]
152. [22, 19]
153. [1, 1]
154. [14, 8]
155. [13, 14]
156. [1, 27]
157. [16, 30]
158. [7, 7]
159. [2, 2]
160. [6, 10]
161. [12, 22]
162. [16, 13]
163. [14, 16]
164. [4, 7]
165. [10, 14]
166. [22, 8]
167. [16, 18]
168. [6, 31]
169. [4, 6]
170. [14, 14]
171. [13, 23]
172. [18, 21]
173. [30, 14]
174. [15, 6]
175. [16, 3]
176. [16, 6]
177. [5, 31]
178. [3, 1]
179. [7, 18]
180. [1, 16]
181. [10, 30]
182. [6, 13]
183. [16, 7]
184. [30, 12]
185. [18, 27]
186. [14, 7]
187. [3, 6]
188. [26, 12]
189. [10, 19]
190. [12, 18]
191. [9, 6]
192. [14, 6]
193. [14, 6]
194. [16, 13]
195. [10, 21]
196. [26, 7]
197. [13, 16]
198. [9, 14]
199. [6, 14]
200. [10, 16]
201. [7, 14]
202. [10, 13]
203. [13, 16]
204. [30, 24]
205. [31, 10]
206. [22, 10]
207. [16, 7]
208. [30, 23]
209. [26, 28]
210. [16, 22]
211. [13, 3]
212. [13, 15]
213. [14, 6]
214. [10, 8]
215. [14, 2]
216. [1, 27]
217. [27, 3]
218. [26, 10]
219. [13, 25]
220. [5, 13]
221. [25, 6]
222. [13, 3]
223. [10, 6]
224. [31, 28]
225. [5, 30]
226. [2, 6]
227. [11, 3]
228. [13, 4]
229. [19, 24]
230. [29, 16]
231. [26, 3]
232. [18, 30]
233. [6, 7]
234. [6, 19]
235. [10, 16]
236. [14, 11]
237. [30, 14]
238. [23, 16]
239. [30, 6]
240. [13, 14]
241. [27, 29]
242. [2, 7]
243. [14, 14]
244. [30, 30]
245. [5, 18]
246. [9, 12]
247. [24, 5]
248. [14, 20]
249. [10, 30]
250. [27, 17]
251. [13, 25]
252. [16, 16]
253. [16, 23]
254. [12, 14]
255. [14, 30]
256. [10, 23]
257. [13, 14]
258. [13, 29]
259. [17, 23]
260. [13, 25]
261. [3, 17]
262. [30, 28]
263. [10, 18]
264. [15, 17]
265. [5, 13]
266. [14, 30]
267. [29, 30]
268. [14, 16]
269. [6, 22]
270. [13, 27]
271. [6, 3]
272. [1, 7]
273. [19, 9]
274. [8, 21]
275. [8, 10]
276. [13, 30]
277. [6, 14]
278. [11, 6]
279. [20, 1]
280. [14, 10]
281. [29, 10]
282. [13, 13]
283. [7, 31]
284. [17, 21]
285. [9, 1]
286. [16, 18]
287. [13, 13]
288. [27, 30]
289. [22, 14]
290. [25, 6]
291. [27, 11]
292. [2, 30]
293. [30, 30]
294. [22, 4]
295. [6, 16]
296. [30, 11]
297. [10, 5]
298. [14, 30]
299. [13, 23]
300. [13, 13]
301. [14, 6]
302. [15, 15]
303. [8, 30]
304. [15, 10]
305. [14, 5]
306. [10, 10]
307. [31, 2]
308. [28, 13]
309. [19, 16]
310. [13, 18]
311. [2, 26]
312. [7, 31]
313. [13, 2]
314. [10, 30]
315. [16, 18]
316. [6, 27]
317. [3, 9]
318. [13, 19]
319. [6, 3]
320. [13, 6]
321. [10, 16]
322. [6, 15]
323. [6, 30]
324. [10, 30]
325. [13, 6]
326. [16, 16]
327. [22, 26]
328. [6, 23]
329. [6, 1]
330. [8, 6]
331. [1, 19]
332. [30, 16]
333. [22, 30]
334. [13, 14]
335. [18, 17]
336. [9, 17]
337. [23, 3]
338. [24, 13]
339. [6, 27]
340. [20, 9]
341. [14, 7]
342. [24, 6]
343. [26, 16]
344. [10, 20]
345. [3, 13]
346. [14, 12]
347. [30, 13]
348. [10, 13]
349. [10, 16]
350. [8, 2]
351. [26, 16]
352. [6, 15]
353. [10, 19]
354. [29, 14]
355. [10, 6]
356. [26, 4]
357. [7, 7]
358. [19, 11]
359. [4, 14]
360. [27, 16]
361. [3, 13]
362. [22, 13]
363. [23, 5]
364. [10, 21]
365. [19, 4]
366. [23, 14]
367. [27, 13]
368. [31, 16]
369. [10, 24]
370. [22, 11]
371. [7, 10]
372. [10, 12]
373. [18, 14]
374. [5, 7]
375. [16, 6]
376. [4, 15]
377. [21, 30]
378. [6, 13]
379. [1, 14]
380. [10, 14]
381. [9, 30]
382. [8, 14]
383. [21, 16]
384. [12, 16]
385. [14, 16]
386. [9, 30]
387. [16, 14]
388. [14, 24]
389. [7, 29]
390. [22, 20]
391. [10, 10]
392. [14, 7]
393. [10, 8]
394. [14, 13]
395. [9, 30]
396. [13, 6]
397. [4, 30]
398. [27, 15]
399. [8, 31]
400. [3, 14]
401. [18, 8]
402. [30, 5]
403. [17, 30]
404. [14, 1]
405. [28, 10]
406. [14, 8]
407. [16, 7]
408. [31, 13]
409. [25, 8]
410. [30, 16]
411. [16, 14]
412. [13, 16]
413. [13, 10]
414. [6, 24]
415. [21, 6]
416. [6, 30]
417. [30, 5]
418. [30, 17]
419. [13, 27]
420. [20, 21]
421. [8, 10]
422. [28, 20]
423. [30, 4]
424. [10, 9]
425. [4, 31]
426. [22, 28]
427. [19, 7]
428. [23, 6]
429. [9, 6]
430. [14, 14]
431. [9, 13]
432. [25, 16]
433. [22, 27]
434. [14, 23]
435. [10, 10]
436. [30, 7]
437. [1, 4]
438. [3, 16]
439. [16, 18]
440. [5, 11]
441. [6, 14]
442. [16, 31]
443. [9, 14]
444. [8, 10]
445. [17, 2]
446. [6, 21]
447. [31, 7]
448. [1, 14]
449. [26, 14]
450. [16, 13]
451. [13, 1]
452. [25, 16]
453. [10, 14]
454. [28, 27]
455. [17, 19]
456. [6, 19]
457. [14, 17]
458. [22, 11]
459. [11, 18]
460. [6, 20]
461. [24, 6]
462. [2, 6]
463. [11, 22]
464. [22, 6]
465. [8, 13]
466. [15, 30]
467. [6, 5]
468. [21, 6]
469. [24, 16]
470. [5, 17]
471. [15, 6]
472. [27, 21]
473. [5, 2]
474. [30, 7]
475. [13, 8]
476. [8, 6]
477. [24, 7]
478. [13, 16]
479. [10, 16]
480. [14, 23]
481. [16, 10]
482. [25, 16]
483. [6, 10]
484. [13, 3]
485. [13, 14]
486. [6, 28]
487. [13, 8]
488. [27, 10]
489. [27, 6]
490. [14, 30]
491. [8, 17]
492. [30, 24]
493. [6, 10]
494. [25, 10]
495. [14, 12]
496. [9, 3]
497. [23, 10]
498. [10, 16]
499. [2, 18]
500. [13, 16]
501. [27, 14]
502. [7, 16]
503. [26, 2]
504. [13, 16]
505. [13, 22]
506. [4, 5]
507. [13, 31]
508. [16, 9]
509. [16, 16]
510. [17, 20]
511. [13, 2]
512. [14, 15]
513. [13, 22]
514. [30, 1]
515. [6, 30]
516. [10, 17]
517. [3, 16]
518. [4, 3]
519. [13, 6]
520. [30, 20]
521. [4, 15]
522. [22, 1]
523. [30, 6]
524. [13, 21]
525. [5, 13]
526. [30, 30]
527. [23, 30]
528. [14, 26]
529. [11, 26]
530. [7, 9]
531. [14, 11]
532. [5, 5]
533. [26, 14]
534. [27, 14]
535. [30, 13]
536. [13, 19]
537. [10, 10]
538. [30, 13]
539. [4, 10]
540. [21, 30]
541. [13, 10]
542. [14, 22]
543. [14, 2]
544. [20, 3]
545. [14, 11]
546. [1, 10]
547. [21, 14]
548. [30, 6]
549. [18, 23]
550. [10, 6]
551. [14, 7]
552. [17, 16]
553. [8, 20]
554. [30, 29]
555. [10, 23]
556. [14, 10]
557. [6, 6]
558. [14, 19]
559. [19, 16]
560. [30, 6]
561. [19, 29]
562. [30, 16]
563. [6, 13]
564. [20, 6]
565. [10, 6]
566. [14, 21]
567. [16, 14]
568. [30, 17]
569. [30, 9]
570. [14, 30]
571. [27, 7]
572. [30, 5]
573. [14, 21]
574. [29, 26]
575. [19, 16]
576. [15, 5]
577. [21, 12]
578. [10, 6]
579. [7, 10]
580. [14, 10]
581. [15, 29]
582. [10, 14]
583. [12, 30]
584. [16, 13]
585. [30, 16]
586. [11, 13]
587. [27, 14]
588. [15, 23]
589. [10, 6]
590. [14, 13]
591. [31, 14]
592. [26, 31]
593. [16, 16]
594. [13, 16]
595. [16, 5]
596. [16, 6]
597. [15, 25]
598. [14, 16]
599. [19, 30]
600. [1, 10]
601. [8, 10]
602. [8, 17]
603. [30, 10]
604. [6, 14]
605. [16, 24]
606. [12, 16]
607. [5, 15]
608. [8, 13]
609. [10, 18]
610. [14, 6]
611. [26, 18]
612. [13, 6]
613. [12, 13]
614. [14, 8]
615. [7, 14]
616. [31, 27]
617. [8, 13]
618. [18, 24]
619. [30, 12]
620. [5, 30]
621. [29, 21]
622. [14, 1]
623. [16, 7]
624. [24, 20]
625. [10, 10]
626. [18, 27]
627. [13, 31]
628. [26, 23]
629. [15, 6]
630. [30, 1]
631. [5, 18]
632. [14, 16]
633. [26, 30]
634. [12, 18]
635. [16, 30]
636. [13, 8]
637. [24, 2]
638. [28, 30]
639. [30, 16]
640. [15, 22]
641. [18, 6]
642. [31, 14]
643. [30, 10]
644. [16, 11]
645. [1, 3]
646. [14, 4]
647. [13, 18]
648. [16, 18]
649. [13, 10]
650. [16, 19]
651. [22, 4]
652. [6, 14]
653. [13, 6]
654. [26, 16]
655. [6, 22]
656. [13, 10]
657. [28, 24]
658. [13, 23]
659. [1, 19]
660. [26, 10]
661. [14, 24]
662. [16, 22]
663. [4, 16]
664. [14, 6]
665. [30, 14]
666. [8, 23]
667. [6, 7]
668. [10, 4]
669. [16, 30]
670. [16, 26]
671. [4, 9]
672. [2, 6]
673. [18, 17]
674. [6, 8]
675. [6, 11]
676. [14, 30]
677. [15, 14]
678. [16, 30]
679. [30, 6]
680. [6, 30]
681. [30, 7]
682. [6, 19]
683. [8, 6]
684. [31, 13]
685. [16, 18]
686. [5, 28]
687. [21, 16]
688. [6, 2]
689. [16, 10]
690. [26, 8]
691. [9, 4]
692. [18, 30]
693. [18, 26]
694. [15, 7]
695. [31, 3]
696. [15, 16]
697. [6, 6]
698. [8, 3]
699. [4, 14]
700. [14, 9]
701. [21, 16]
702. [14, 26]
703. [30, 26]
704. [3, 1]
705. [5, 28]
706. [16, 3]
707. [29, 4]
708. [22, 26]
709. [22, 13]
710. [2, 19]
711. [6, 30]
712. [13, 13]
713. [14, 10]
714. [25, 10]
715. [13, 30]
716. [4, 13]
717. [14, 10]
718. [30, 30]
719. [15, 21]
720. [10, 10]
721. [30, 30]
722. [7, 30]
723. [6, 16]
724. [30, 30]
725. [10, 14]
726. [30, 22]
727. [6, 11]
728. [8, 13]
729. [14, 18]
730. [30, 20]
731. [17, 17]
732. [3, 27]
733. [30, 6]
734. [7, 8]
735. [8, 13]
736. [12, 6]
737. [23, 14]
738. [13, 16]
739. [10, 11]
740. [19, 6]
741. [2, 16]
742. [16, 3]
743. [10, 14]
744. [10, 13]
745. [11, 6]
746. [16, 18]
747. [17, 13]
748. [7, 19]
749. [16, 30]
750. [11, 23]
751. [16, 10]
752. [16, 21]
753. [13, 9]
754. [6, 14]
755. [17, 29]
756. [30, 22]
757. [14, 10]
758. [21, 17]
759. [10, 2]
760. [16, 10]
761. [3, 13]
762. [8, 10]
763. [30, 11]
764. [27, 14]
765. [28, 12]
766. [30, 25]
767. [13, 13]
768. [6, 6]
769. [24, 6]
770. [16, 3]
771. [27, 21]
772. [1, 11]
773. [13, 4]
774. [24, 14]
775. [19, 6]
776. [12, 16]
777. [23, 14]
778. [14, 16]
779. [5, 30]
780. [21, 6]
781. [28, 27]
782. [4, 27]
783. [11, 23]
784. [6, 14]
785. [30, 26]
786. [28, 14]
787. [20, 20]
788. [19, 11]
789. [14, 13]
790. [24, 19]
791. [23, 22]
792. [14, 30]
793. [21, 16]
794. [5, 13]
795. [15, 20]
796. [10, 14]
797. [19, 30]
798. [12, 23]
799. [21, 22]
800. [14, 7]
801. [24, 13]
802. [4, 9]
803. [10, 14]
804. [31, 12]
805. [13, 4]
806. [20, 5]
807. [13, 14]
808. [30, 23]
809. [1, 10]
810. [25, 9]
811. [16, 30]
812. [10, 16]
813. [11, 13]
814. [10, 1]
815. [16, 7]
816. [30, 13]
817. [13, 14]
818. [30, 5]
819. [13, 10]
820. [30, 3]
821. [30, 16]
822. [16, 19]
823. [8, 7]
824. [30, 29]
825. [18, 6]
826. [23, 5]
827. [15, 14]
828. [10, 29]
829. [4, 24]
830. [12, 16]
831. [30, 13]
832. [14, 25]
833. [13, 13]
834. [30, 11]
835. [23, 3]
836. [28, 24]
837. [13, 23]
838. [25, 14]
839. [7, 16]
840. [30, 30]
841. [29, 16]
842. [14, 31]
843. [10, 14]
844. [5, 6]
845. [17, 31]
846. [10, 11]
847. [6, 30]
848. [14, 4]
849. [31, 30]
850. [30, 14]
851. [21, 6]
852. [29, 6]
853. [10, 10]
854. [30, 13]
855. [16, 16]
856. [20, 27]
857. [13, 10]
858. [2, 12]
859. [13, 18]
860. [17, 9]
861. [2, 28]
862. [19, 12]
863. [29, 12]
864. [28, 6]
865. [30, 3]
866. [25, 6]
867. [14, 18]
868. [14, 29]
869. [13, 16]
870. [10, 30]
871. [26, 5]
872. [16, 1]
873. [1, 30]
874. [13, 10]
875. [14, 12]
876. [6, 13]
877. [16, 4]
878. [30, 13]
879. [6, 5]
880. [6, 22]
881. [6, 29]
882. [23, 10]
883. [12, 15]
884. [31, 2]
885. [16, 24]
886. [16, 3]
887. [6, 31]
888. [16, 19]
889. [14, 17]
890. [15, 10]
891. [14, 25]
892. [11, 30]
893. [8, 16]
894. [14, 14]
895. [27, 17]
896. [11, 13]
897. [10, 7]
898. [13, 19]
899. [22, 14]
900. [6, 10]
901. [13, 30]
902. [30, 14]
903. [14, 13]
904. [19, 14]
905. [21, 10]
906. [16, 15]
907. [6, 30]
908. [10, 6]
909. [22, 16]
910. [2, 21]
911. [13, 16]
912. [10, 9]
913. [16, 5]
914. [21, 10]
915. [11, 28]
916. [14, 30]
917. [6, 26]
918. [30, 8]
919. [30, 29]
920. [3, 6]
921. [17, 16]
922. [16, 30]
923. [11, 15]
924. [27, 27]
925. [3, 26]
926. [5, 16]
927. [3, 8]
928. [6, 16]
929. [2, 9]
930. [3, 16]
931. [13, 11]
932. [15, 6]
933. [11, 12]
934. [5, 14]
935. [1, 14]
936. [30, 10]
937. [6, 16]
938. [5, 5]
939. [6, 10]
940. [16, 20]
941. [16, 16]
942. [16, 16]
943. [24, 16]
944. [17, 9]
945. [12, 30]
946. [13, 28]
947. [30, 11]
948. [30, 10]
949. [30, 9]
950. [10, 8]
951. [30, 6]
952. [14, 6]
953. [19, 13]
954. [17, 25]
955. [14, 6]
956. [31, 11]
957. [12, 5]
958. [11, 26]
959. [18, 20]
960. [14, 13]
961. [10, 17]
962. [29, 29]
963. [13, 23]
964. [10, 6]
965. [17, 12]
966. [28, 23]
967. [24, 16]
968. [10, 13]
969. [28, 10]
970. [25, 17]
971. [6, 5]
972. [14, 1]
973. [30, 15]
974. [31, 10]
975. [15, 10]
976. [5, 14]
977. [13, 9]
978. [10, 4]
979. [2, 10]
980. [13, 1]
981. [14, 21]
982. [30, 10]
983. [30, 13]
984. [17, 31]
985. [6, 13]
986. [14, 13]
987. [25, 3]
988. [13, 17]
989. [24, 20]
990. [16, 1]
991. [18, 22]
992. [16, 6]
993. [10, 10]
994. [7, 2]
995. [6, 5]
996. [10, 14]
997. [20, 2]
998. [6, 18]
999. [24, 24]
1000. [30, 27]
